===============
0 0 0 0 0 0 0 0 0 0 
0 0 0 0 0 0 0 0 0 0 
0 0 0 0 0 0 0 0 0 0 
0 0 0 0 0 0 0 0 0 0 
0 0 0 0 0 0 0 0 0 0 
0 0 0 0 0 0 0 0 0 0 
0 0 0 0 0 0 0 0 0 0 
0 0 0 0 0 0 0 0 0 0 
0 0 0 0 0 0 0 0 0 0 
0 0 0 0 0 0 0 0 0 0 
===============
===============
0 1 0 0 0 0 0 0 0 0 0 
1 0 1 0 0 0 0 0 0 0 0 
0 1 0 0 0 0 0 0 0 0 0 
0 0 0 0 0 0 0 0 0 0 0 
0 0 0 0 0 0 0 0 0 0 0 
0 0 0 0 0 0 0 0 0 0 0 
0 0 0 0 0 0 0 0 0 0 0 
0 0 0 0 0 0 0 0 0 0 0 
0 0 0 0 0 0 0 0 0 0 0 
0 0 0 0 0 0 0 0 0 0 0 
0 0 0 0 0 0 0 0 0 0 0 
===============
===============
0 1 0 0 0 0 0 0 0 0 
1 0 0 0 0 0 0 0 0 0 
0 0 0 0 0 0 0 0 0 0 
0 0 0 0 0 0 0 0 0 0 
0 0 0 0 0 0 0 0 0 0 
0 0 0 0 0 0 0 0 0 0 
0 0 0 0 0 0 0 0 0 0 
0 0 0 0 0 0 0 0 0 0 
0 0 0 0 0 0 0 0 0 0 
0 0 0 0 0 0 0 0 0 0 
===============
===============
0 0 0 0 0 0 0 0 0 0 
0 0 0 0 0 0 0 0 0 0 
0 0 0 0 0 0 0 0 0 0 
0 0 0 0 0 0 0 0 0 0 
0 0 0 0 0 0 0 0 0 0 
0 0 0 0 0 0 0 0 0 0 
0 0 0 0 0 0 0 0 0 0 
0 0 0 0 0 0 0 0 0 0 
0 0 0 0 0 0 0 0 0 0 
0 0 0 0 0 0 0 0 0 0 
===============
===============
0 1 1 1 0 0 0 1 0 1 
1 0 1 0 0 0 0 0 0 1 
1 1 0 1 0 1 0 0 1 0 
1 0 1 0 1 1 1 1 0 1 
0 0 0 1 0 0 1 1 1 1 
0 0 1 1 0 0 1 0 1 1 
0 0 0 1 1 1 0 0 1 0 
1 0 0 1 1 0 0 0 0 0 
0 0 1 0 1 1 1 0 0 0 
1 1 0 1 1 1 0 0 0 0 
===============
===============
0	inf	-66.6986	inf	inf	-70.4934	-59.3499	inf	inf	61.33
inf	0	inf	inf	inf	inf	inf	inf	inf	-69.2791	
-66.6986	inf	0	inf	inf	inf	-17.9374	26.5477	4.99748	inf	
inf	inf	inf	0	-73.9145	-18.2467	inf	inf	-2.21137	45.467
inf	inf	inf	-73.9145	0	inf	-26.9322	inf	inf	36.1124	
-70.4934	inf	inf	-18.2467	inf	0	-8.93854	inf	inf	inf	
-59.3499	inf	-17.9374	inf	-26.9322	-8.93854	0	2.88693	inf	inf	
inf	inf	26.5477	inf	inf	inf	2.88693	0	97.8725	25.9144	
inf	inf	4.99748	-2.21137	inf	inf	inf	97.8725	0	-22.2354	
61.33	-69.2791	inf	45.467	36.1124	inf	inf	25.9144	-22.2354	0	
===============
